#SS06GRY96130 seasonal c(0.748623853211009,0.987155963302752,1.14495412844037,0.924770642201835,0.722935779816514,0.634862385321101,0.807339449541284,0.877064220183486,0.847706422018349,1.93394495412844,1.30275229357798,1.06788990825688)
#2015 actual SS06GRY96130 c(56,33,187,76,67,73,68,87,113,234,102,108)
```




```{r, eval=FALSE, message=FALSE, warning=FALSE, include=FALSE}
#SS06LOE96130 1/4  ENEG ADV LOW-E 96X130
# SS06LOE96130 ts(c(15,1,8,4,4,20,32,2,16,3,5,3,3,1,1,10,3,15,9,7,13,90,229,205,171,126,128,161,197,117,297,240,197,227,266,323,105,199,176,180,255,264,244,179,271,245,162,339,225,125,309,130,192,230,236,323,168,192), start =c(2012, 1), frequency = 12)


#seasonal SS06LOE96130 c(0.611650485436893,0.680305131761442,0.651178918169209,0.738557558945908,0.954923717059639,0.865464632454924,1.21081830790569,0.890429958391123,1.03398058252427,1.1754507628294,1.37725381414702,1.80998613037448)

#2015 actual SS06LOE96130 c(105,199,176,180,255,264,244,179,271,245,162,339)
